 xgb_w  lgb_w       raw     tuned      c1      c2   pred_0   pred_1   pred_2
------------------------------------------------------------------------------------------
  0.70   0.30   0.73335   0.73662   1.270   0.900
  0.71   0.29   0.73337   0.73665   1.270   0.910
  0.72   0.28   0.73348   0.73667   1.300   0.910
  0.73   0.27   0.73353   0.73670   1.330   0.910
  0.74   0.26   0.73360   0.73674   1.320   0.900
  0.75   0.25   0.73367   0.73676   1.310   0.900
  0.76   0.24   0.73373   0.73678   1.310   0.900
  0.77   0.23   0.73379   0.73678   1.300   0.900
  0.78   0.22   0.73378   0.73674   1.340   0.910
  0.79   0.21   0.73382   0.73677   1.320   0.860
  0.80   0.20   0.73383   0.73681   1.330   0.860
  0.81   0.19   0.73379   0.73681   1.320   0.860
  0.82   0.18   0.73381   0.73682   1.290   0.880
  0.83   0.17   0.73389   0.73681   1.290   0.870
  0.84   0.16   0.73395   0.73679   1.290   0.870
  0.85   0.15   0.73399   0.73678   1.280   0.860
  0.86   0.14   0.73403   0.73679   1.280   0.860
  0.87   0.13   0.73403   0.73677   1.290   0.870
  0.88   0.12   0.73409   0.73677   1.280   0.860
  0.89   0.11   0.73414   0.73671   1.270   0.870
  0.90   0.10   0.73415   0.73674   1.300   0.870
  0.91   0.09   0.73420   0.73670   1.260   0.860
  0.92   0.08   0.73423   0.73671   1.260   0.880
  0.93   0.07   0.73425   0.73669   1.260   0.880
  0.94   0.06   0.73424   0.73670   1.260   0.900
  0.95   0.05   0.73426   0.73668   1.260   0.900
  0.96   0.04   0.73427   0.73667   1.260   0.880
  0.97   0.03   0.73425   0.73665   1.240   0.900
  0.98   0.02   0.73426   0.73662   1.240   0.900
  0.99   0.01   0.73425   0.73662   1.260   0.890
  1.00   0.00   0.73426   0.73661   1.260   0.890
  1.01  -0.01   0.73426   0.73657   1.260   0.890

==========================================================================================
Best blend:    xgb_weight=0.82  lgb_weight=0.18
Raw OOF:       0.73381
Tuned OOF:     0.73682
Multipliers:   c0x1.00  c1x1.290  c2x0.880

Baselines:
  attempt-14 XGB tuned OOF : 0.73661
  attempt-8  LGB tuned OOF : 0.72963
  attempt-14 public        : 0.75623

Verdict: BEATS attempt-14 XGB OOF by ++0.00021

Test prediction dist: class-0: 2015 (83.5%)  class-1: 193 (8.0%)  class-2: 204 (8.5%)

Confusion matrix (rows=true, cols=pred):
        pred_0  pred_1  pred_2
true_0  675444   28765   36780
true_1   35069   40013     285
true_2  158332   15825   54610
==========================================================================================
