  w_21    w_22       raw     tuned      c1      c2   pred_0   pred_1   pred_2     d0     d1     d2
----------------------------------------------------------------------------------------------------
  0.70    0.30   0.73938   0.73983   1.450   1.010   857246    93917    93960    -20     +3    +17
  0.71    0.29   0.73933   0.73979   1.450   0.960   864441    93534    87148     -6     +2     +4
  0.72    0.28   0.73926   0.73973   1.460   0.960   864308    93594    87221     -6     +2     +4
  0.73    0.27   0.73920   0.73972   1.450   1.010   858311    92755    94057    -19     +2    +17
  0.74    0.26   0.73907   0.73969   1.450   1.010   858634    92384    94105    -18     +1    +17
  0.75    0.25   0.73898   0.73966   1.460   1.000   859971    92404    92748    -16     +1    +15
  0.76    0.24   0.73893   0.73960   1.470   1.000   859893    92431    92799    -15     +0    +15
  0.77    0.23   0.73886   0.73954   1.450   1.000   861087    91177    92859    -10     -5    +15
  0.78    0.22   0.73882   0.73951   1.450   1.000   861399    90819    92905     -9     -6    +15
  0.79    0.21   0.73878   0.73948   1.450   1.000   861694    90461    92968    -10     -5    +15
  0.80    0.20   0.73867   0.73945   1.450   1.000   861988    90104    93031    -10     -6    +16
  0.81    0.19   0.73857   0.73941   1.450   1.000   862319    89716    93088     -8     -8    +16
  0.82    0.18   0.73852   0.73938   1.460   1.000   862223    89748    93152     -7     -9    +16
  0.83    0.17   0.73845   0.73933   1.470   1.000   862152    89756    93215     -7     -9    +16
  0.84    0.16   0.73839   0.73929   1.470   1.000   862488    89344    93291     -7     -9    +16
  0.85    0.15   0.73832   0.73929   1.490   0.940   869758    89773    85592    +10     -9     -1
  0.86    0.14   0.73823   0.73924   1.500   0.940   869693    89746    85684    +10     -9     -1
  0.87    0.13   0.73815   0.73918   1.510   0.940   869602    89772    85749    +10     -9     -1
  0.88    0.12   0.73804   0.73912   1.500   0.940   870354    88929    85840    +13    -12     -1
  0.89    0.11   0.73797   0.73908   1.520   0.940   869878    89312    85933    +11    -11     +0
  0.90    0.10   0.73789   0.73904   1.470   0.940   872112    87002    86009    +15    -16     +1
  0.91    0.09   0.73785   0.73898   1.570   0.940   868641    90391    86091     +9    -10     +1
  0.92    0.08   0.73778   0.73895   1.590   0.940   868239    90714    86170     +7     -7     +0
  0.93    0.07   0.73771   0.73888   1.640   0.940   866777    92112    86234     +2     -3     +1
  0.94    0.06   0.73762   0.73885   1.660   0.940   866420    92382    86321     +1     -2     +1
  0.95    0.05   0.73750   0.73881   1.670   0.940   866401    92321    86401     +1     -2     +1
  0.96    0.04   0.73744   0.73878   1.680   0.940   866389    92241    86493     +1     -2     +1
  0.97    0.03   0.73733   0.73872   1.660   0.940   867427    91120    86576     +6     -7     +1
  0.98    0.02   0.73727   0.73867   1.690   0.940   866763    91730    86630     +3     -4     +1
  0.99    0.01   0.73720   0.73861   1.720   0.940   866072    92356    86695     +0     -1     +1
  1.00    0.00   0.73713   0.73856   1.720   0.930   867674    91913    85536     +0     +0     +0

====================================================================================================
Best blend:    w_21=0.70  w_22=0.30
Raw OOF:       0.73938
Tuned OOF:     0.73983
Multipliers:   c0x1.00  c1x1.450  c2x1.010

Test dist (best blend):  class-0: 1978  class-1: 213  class-2: 221
Attempt-21 test dist:    class-0: 1998  class-1: 210  class-2: 204
Delta vs attempt-21:     class-0: -20  class-1: +3  class-2: +17

Baselines:
  attempt-21 XGB+LGB+CAT stack tuned OOF : 0.73856
  attempt-21 public                      : 0.76454

Verdict: BEATS attempt-21 OOF by +0.00127
====================================================================================================
